2
3
4
6
12
15
17
18
23
27
28
29
32
33
34
37
41
47
49
53
54
57
59
60
62
63
64
66
67
72
74
78
79
80
81
85
90
95
96
97
98
107
112
114
119
120
121
122
123
125
126
127
128
129
130
131
132
133
135
136
137
138
140
142
145
147
150
151
152
155
156
158
160
161
163
164
166
169
173
174
175
176
177
178
179
180
184
190
199
202
206
213
216
218
220
224
225
228
231
236
241
243
244
245
248
252
254
257
258
259
260
267
274
293
309
310
311
314
319
320
321
323
324
327
328
330
334
336
338
339
340
341
345
346
347
348
352
360
362
363
367
371
372
373
375
376
378
381
386
388
389
392
400
406
408
411
412
419
420
421
425
426
429
433
434
439
440
442
444
445
446
449
451
452
453
454
456
458
459
460
461
463
466
469
471
473
474
475
477
478
480
481
484
486
487
488
490
492
496
497
501
502
504
505
509
513
514
515
516
518
523
525
526
528
529
532
533
534
535
537
538
539
540
542
544
545
546
547
553
554
556
557
560
563
565
566
567
568
572
574
575
577
578
580
582
583
584
585
588
589
590
591
592
593
594
598
599
602
604
606
607
611
612
615
616
618
619
621
622
623
624
627
628
629
630
631
633
636
637
639
640
641
642
644
646
648
652
655
656
657
658
660
661
664
665
670
671
672
674
675
676
678
679
682
684
686
687
690
692
694
695
701
703
704
705
707
711
712
716
717
718
719
721
722
723
728
730
733
736
737
743
755
761
762
763
764
769
770
771
772
773
783
784
786
790
796
797
798
799
801
803
807
809
811
813
814
815
816
817
819
820
821
826
828
829
835
837
839
842
844
845
846
848
850
851
853
865
866
883
885
889
895
899
900
901
907
910
916
922
924
925
930
935
937
941
942
946
947
948
951
955
956
957
958
963
964
965
966
967
970
971
972
981
982
986
990
993
1009
1010
1011
1012
1013
1018
1022
1027
1032
1035
1037
1038
1042
1047
1051
1053
1054
1055
1057
1076
1077
1078
1080
1081
1084
1089
1092
1093
1094
1095
1096
1098
1099
1101
1102
1103
1104
1105
1106
1107
1108
1110
1112
1113
1114
1115
1116
1120
1121
1122
1123
1124
1125
1126
1128
1129
1130
1132
1134
1136
1138
1139
1143
1144
1145
1146
1149
1151
1153
1155
1156
1158
1160
1161
1162
1164
1165
1166
1167
1168
1169
1170
1171
1173
1174
1175
1178
1179
1180
1181
1189
1190
1191
1192
1196
1198
1201
1207
1208
1209
1220
1223
1224
1227
1231
1241
1244
1245
1248
1253
1255
1256
1258
1263
1264
1265
1266
1281
1283
1289
1293
1297
1298
1299
1305
1309
1318
1323
1326
1341
1348
1349
1350
1356
1358
1361
1362
1367
1368
1370
1373
1378
1382
1390
1391
1392
1396
1401
1404
1405
1407
1408
1410
1411
1412
1413
1419
1421
1426
1427
1428
1431
1435
1436
1437
1442
1446
1447
1460
