28
29
63
66
67
78
114
120
123
125
126
129
131
135
137
151
156
174
175
176
199
252
254
257
259
267
309
319
321
323
327
328
334
363
375
376
381
388
389
429
434
445
446
451
452
454
458
459
460
461
463
471
473
480
481
484
486
487
488
492
496
497
501
502
509
514
515
516
518
523
525
526
528
534
538
539
560
565
566
567
575
590
591
592
594
598
606
611
615
619
627
630
631
636
637
641
644
648
655
660
664
670
686
690
695
703
704
705
707
716
728
733
737
755
761
762
769
773
790
797
798
807
813
817
826
829
835
839
851
853
866
883
889
895
925
956
966
986
993
1009
1027
1053
1054
1078
1081
1092
1120
1124
1125
1126
1130
1134
1136
1153
1158
1170
1171
1175
1179
1180
1190
1191
1201
1248
1255
1258
1264
1305
1323
1362
1368
1391
1392
1405
1413
1419
