4
6
8
9
12
15
17
27
31
32
46
52
65
74
76
88
93
95
96
97
98
102
103
105
107
108
109
115
116
128
129
132
134
139
148
151
160
163
164
168
172
173
174
176
178
184
185
190
194
199
202
208
217
220
221
239
243
246
254
256
257
259
260
266
274
286
287
291
293
295
296
304
311
314
317
328
338
340
341
343
348
350
351
353
355
357
360
366
370
375
378
381
383
385
387
388
391
395
399
400
405
420
422
423
424
427
431
436
438
450
456
462
467
474
475
479
481
482
484
489
490
491
504
512
513
520
526
537
540
544
553
556
557
559
560
561
575
576
600
601
603
606
612
616
619
626
633
642
645
649
654
658
666
667
685
688
690
692
703
704
728
730
732
734
736
739
757
763
769
771
775
796
807
813
815
818
821
825
828
849
850
856
861
863
871
889
891
892
896
899
900
902
905
907
918
921
922
927
936
937
941
943
946
948
949
952
953
958
960
961
962
963
964
965
966
978
982
985
994
1009
1011
1018
1020
1023
1031
1036
1039
1047
1048
1050
1052
1058
1061
1065
1068
1070
1082
1083
1095
1098
1099
1106
1110
1113
1120
1121
1130
1135
1144
1146
1149
1150
1151
1154
1170
1174
1178
1179
1183
1197
1200
1203
1205
1207
1209
1210
1211
1217
1219
1227
1241
1242
1249
1250
1251
1256
1257
1262
1264
1268
1270
1273
1277
1279
1284
1288
1289
1296
1308
1315
1321
1323
1328
1330
1336
1342
1344
1345
1346
1347
1348
1350
1352
1372
1378
1379
1381
1382
1390
1401
1403
1406
1408
1409
1410
1418
1424
1425
1427
1432
1442
1444
1449
1450
1454
1455
