2
9
17
27
42
67
71
73
81
82
97
104
105
114
135
136
155
158
175
179
183
185
201
203
204
205
217
222
229
233
234
246
249
259
267
270
277
279
291
294
304
306
309
312
315
317
329
338
342
347
349
358
363
365
376
382
404
409
419
423
426
441
442
475
478
483
494
498
513
514
540
549
564
565
567
572
573
575
577
591
601
604
608
610
614
615
616
617
621
626
629
630
633
635
643
646
661
702
722
726
731
746
753
793
800
816
819
821
822
837
840
865
889
909
925
938
946
970
979
986
1016
1024
1027
1030
1032
1054
1061
1065
1066
1068
1070
1074
1092
1098
1105
1108
1109
1114
1115
1116
1124
1130
1135
1136
1152
1158
1165
1172
1173
1175
1176
1178
1202
1224
1227
1231
1241
1250
1255
1271
1273
1287
1291
1294
1302
1311
1317
1321
1327
1331
1340
1347
1350
1358
1360
1365
1392
1396
1399
1407
1408
1440
1449
