1
2
5
6
8
9
11
12
13
14
17
18
19
21
22
24
25
26
27
28
31
32
34
35
38
39
41
42
43
44
46
48
49
51
52
56
58
59
60
61
62
64
65
66
68
70
72
73
74
76
78
79
80
81
82
83
84
85
88
89
90
92
93
96
98
100
101
103
104
105
106
107
108
109
110
111
113
114
115
116
119
120
121
122
123
124
125
126
127
128
129
131
132
133
135
136
137
139
140
141
143
144
145
147
148
149
150
151
152
153
154
156
157
158
159
160
161
162
163
164
165
166
167
168
169
170
172
173
174
176
177
178
180
181
183
184
185
186
187
188
190
191
192
193
194
197
198
199
200
201
202
203
204
205
206
207
208
209
210
213
217
218
222
223
224
225
227
228
229
233
234
236
237
238
240
241
242
243
244
245
247
248
251
252
253
254
255
256
257
258
259
260
261
262
263
264
266
269
270
271
272
273
274
276
277
280
281
282
284
285
286
288
290
291
292
293
294
295
296
297
299
300
303
307
308
309
310
311
312
313
314
315
317
319
320
321
322
323
324
325
327
328
329
330
331
333
334
335
336
337
339
340
341
342
343
345
347
348
349
350
351
352
353
354
357
358
359
361
363
364
365
366
367
368
369
370
371
373
374
375
376
377
378
379
380
381
382
383
385
386
387
388
389
390
391
392
393
395
398
399
400
401
403
404
405
406
408
409
411
412
413
414
416
417
418
419
420
421
422
423
426
427
428
429
430
431
432
433
434
436
437
438
439
440
441
442
443
444
445
448
449
450
453
454
455
457
458
459
460
461
462
465
469
470
471
472
474
475
476
477
479
480
481
483
484
486
487
488
489
490
491
492
495
496
497
499
500
502
504
505
506
507
508
509
510
511
512
513
514
516
517
519
521
522
523
524
525
526
527
528
529
530
531
532
533
534
535
536
538
541
542
544
546
547
548
549
550
551
552
553
554
556
558
559
560
561
563
564
566
567
568
569
570
571
572
573
576
577
579
581
584
585
586
587
588
589
590
591
592
593
594
595
596
597
598
600
602
603
604
606
608
609
611
612
613
614
615
617
618
620
621
623
624
625
627
628
629
631
633
634
635
636
637
638
640
641
642
643
644
646
647
648
649
650
652
655
656
657
658
660
661
662
663
664
665
666
667
668
669
670
671
673
674
675
677
682
683
686
688
690
691
692
693
694
697
698
700
702
703
704
705
706
707
709
710
711
714
716
719
720
723
724
725
727
728
729
733
734
735
736
737
738
740
741
742
743
745
747
748
749
750
751
752
754
757
758
759
760
761
762
764
765
766
769
770
772
773
774
775
776
778
782
784
785
787
788
789
791
792
793
794
795
797
799
800
801
802
803
805
806
807
808
809
811
812
813
815
816
818
819
820
821
822
823
824
825
826
828
829
830
831
835
836
837
838
839
840
841
842
844
845
846
850
851
855
857
858
859
862
865
866
867
869
870
873
876
877
878
879
880
881
882
885
886
888
891
894
895
896
898
900
901
902
903
904
905
907
908
909
910
911
913
915
916
917
918
919
920
921
922
923
924
926
927
928
929
930
932
933
934
935
936
938
940
943
944
945
946
947
948
949
950
951
952
953
954
955
956
957
958
962
963
964
965
966
967
970
971
973
974
975
977
981
983
984
986
987
988
989
990
991
993
996
997
998
999
1000
1001
1003
1005
1006
1008
1009
1010
1012
1013
1014
1016
1017
1018
1019
1020
1021
1022
1023
1025
1026
1028
1030
1032
1033
1034
1036
1038
1039
1041
1042
1043
1044
1046
1047
1048
1049
1050
1051
1052
1053
1054
1055
1058
1059
1061
1062
1063
1065
1066
1067
1068
1069
1070
1072
1073
1074
1075
1076
1077
1078
1079
1081
1082
1084
1088
1089
1090
1091
1092
1093
1094
1095
1096
1097
1098
1099
1104
1106
1109
1111
1114
1118
1123
1124
1128
1129
1132
1135
1136
1140
1141
1142
1143
1144
1145
1146
1147
1148
1149
1151
1152
1153
1154
1155
1156
1157
1158
1160
1163
1168
1169
1174
1175
1176
1178
1179
1183
1184
1185
1186
1187
1188
1189
1192
1193
1196
1199
1200
1201
1203
1204
1206
1207
1208
1209
1210
1211
1213
1214
1215
1216
1219
1221
1227
1228
1229
1231
1232
1233
1234
1235
1237
1238
1239
1240
1241
1242
1243
1244
1245
1246
1247
1248
1249
1251
1252
1253
1254
1255
1256
1257
1258
1259
1260
1261
1263
1265
1266
1268
1270
1271
1272
1274
1275
1277
1281
1282
1286
1291
1300
1302
1304
1305
1308
1309
1311
1313
1314
1316
1319
1321
1324
1325
1327
1328
1330
1331
1332
1333
1334
1335
1336
1338
1339
1340
1343
1346
1347
1348
1349
1350
1351
1352
1354
1355
1356
1357
1358
1360
1361
1362
1366
1367
1368
1369
1370
1372
1373
1374
1375
1376
1377
1378
1380
1383
1385
1386
1387
1389
1390
1391
1392
1393
1394
1395
1396
1397
1398
1399
1400
1402
1403
1404
1407
1408
1414
1415
1416
1417
1418
1419
1420
1423
1425
1426
1427
1429
1430
1431
1432
1435
1436
1438
1440
1441
1442
1443
1444
1445
1447
1449
1450
1451
1453
1454
1455
1456
1457
1458
1460
