2
3
4
6
12
15
17
18
23
27
32
33
34
37
41
47
49
53
54
57
59
60
62
64
72
74
79
80
81
85
90
95
96
97
98
107
112
119
121
122
127
128
130
132
133
136
138
140
142
145
147
150
152
155
158
160
161
163
164
166
169
173
177
178
179
180
184
190
202
206
213
216
218
220
224
225
228
231
236
241
243
244
245
248
258
260
274
293
310
311
314
320
324
330
336
338
339
340
341
345
346
347
348
352
360
362
367
371
372
373
378
386
392
400
406
408
411
412
419
420
421
425
426
433
439
440
442
444
449
453
456
466
469
474
475
477
478
490
504
505
513
529
532
533
535
537
540
542
544
545
546
547
553
554
556
557
563
568
572
574
577
578
580
582
583
584
585
588
589
593
599
602
604
607
612
616
618
621
622
623
624
628
629
633
639
640
642
646
652
656
657
658
661
665
671
672
674
675
676
678
679
682
684
687
692
694
701
711
712
717
718
719
721
722
723
730
736
743
763
764
770
771
772
783
784
786
796
799
801
803
809
811
814
815
816
819
820
821
828
837
842
844
845
846
848
850
865
885
899
900
901
907
910
916
922
924
930
935
937
941
942
946
947
948
951
955
957
958
963
964
965
967
970
971
972
981
982
990
1010
1011
1012
1013
1018
1022
1032
1035
1037
1038
1042
1047
1051
1055
1057
1076
1077
1080
1084
1089
1093
1094
1095
1096
1098
1099
1101
1102
1103
1104
1105
1106
1107
1108
1110
1112
1113
1114
1115
1116
1121
1122
1123
1128
1129
1132
1138
1139
1143
1144
1145
1146
1149
1151
1155
1156
1160
1161
1162
1164
1165
1166
1167
1168
1169
1173
1174
1178
1181
1189
1192
1196
1198
1207
1208
1209
1220
1223
1224
1227
1231
1241
1244
1245
1253
1256
1263
1265
1266
1281
1283
1289
1293
1297
1298
1299
1309
1318
1326
1341
1348
1349
1350
1356
1358
1361
1367
1370
1373
1378
1382
1390
1396
1401
1404
1407
1408
1410
1411
1412
1421
1426
1427
1428
1431
1435
1436
1437
1442
1446
1447
1460
