28
29
66
67
78
114
120
125
126
129
129
129
129
129
129
129
131
131
131
137
151
156
174
174
175
175
176
176
254
259
319
319
321
321
321
321
323
327
328
334
363
375
375
388
388
389
434
434
445
445
445
445
445
446
452
454
454
458
459
460
461
461
463
471
471
473
480
481
486
487
488
496
502
509
515
516
526
528
538
539
539
539
539
539
539
539
560
565
565
565
565
565
565
565
565
565
565
566
567
575
575
590
590
592
594
598
598
598
598
598
598
606
611
611
615
627
630
630
630
630
631
631
641
648
648
655
660
664
664
664
664
670
686
703
703
705
733
737
761
762
769
790
797
797
797
797
797
797
807
826
829
835
839
851
853
883
895
925
956
966
986
993
1009
1027
1053
1054
1054
1078
1081
1081
1092
1092
1092
1092
1092
1092
1120
1120
1124
1124
1125
1125
1125
1126
1134
1136
1136
1136
1136
1136
1136
1153
1158
1158
1158
1170
1171
1171
1171
1175
1179
1180
1190
1191
1201
1248
1305
1323
1362
1368
1391
1392
1405
1413
1419
