26
28
29
30
44
51
58
61
63
66
67
68
71
73
78
82
114
120
123
125
126
129
131
135
137
151
156
174
175
176
197
199
252
254
257
259
267
309
318
319
321
323
327
328
329
334
363
375
376
381
382
388
389
429
434
445
446
448
451
452
454
458
459
460
461
463
468
471
472
473
479
480
481
483
484
486
487
488
492
496
497
498
501
502
508
509
510
512
514
515
516
518
519
523
525
526
528
530
531
534
538
539
560
562
565
566
567
571
575
579
590
591
592
594
595
596
598
600
603
606
608
610
611
615
617
619
625
626
627
630
631
634
636
637
641
644
648
650
655
659
660
664
670
680
686
689
690
695
702
703
704
705
706
707
709
716
728
731
733
737
746
754
755
761
762
769
773
779
790
797
798
805
806
807
810
812
813
817
826
829
835
838
839
851
853
857
866
871
883
889
894
895
898
925
956
966
986
993
998
1009
1027
1053
1054
1072
1078
1081
1092
1117
1120
1124
1125
1126
1130
1134
1136
1153
1158
1170
1171
1175
1179
1180
1190
1191
1197
1201
1248
1255
1258
1259
1264
1305
1323
1327
1362
1364
1368
1377
1391
1392
1405
1413
1419
1448
